>>> gauss2d(0.5)
array([[1.23409804e-04, 6.73794700e-03, 6.73794700e-03, 1.23409804e-04],
       [6.73794700e-03, 3.67879441e-01, 3.67879441e-01, 6.73794700e-03],
       [6.73794700e-03, 3.67879441e-01, 3.67879441e-01, 6.73794700e-03],
       [1.23409804e-04, 6.73794700e-03, 6.73794700e-03, 1.23409804e-04]])
>>> gauss2d(1)
array([[4.78511739e-06, 9.61116521e-05, 7.10174389e-04, 1.93045414e-03,
        1.93045414e-03, 7.10174389e-04, 9.61116521e-05, 4.78511739e-06],
       [9.61116521e-05, 1.93045414e-03, 1.42642339e-02, 3.87742078e-02,
        3.87742078e-02, 1.42642339e-02, 1.93045414e-03, 9.61116521e-05],
       [7.10174389e-04, 1.42642339e-02, 1.05399225e-01, 2.86504797e-01,
        2.86504797e-01, 1.05399225e-01, 1.42642339e-02, 7.10174389e-04],
       [1.93045414e-03, 3.87742078e-02, 2.86504797e-01, 7.78800783e-01,
        7.78800783e-01, 2.86504797e-01, 3.87742078e-02, 1.93045414e-03],
       [1.93045414e-03, 3.87742078e-02, 2.86504797e-01, 7.78800783e-01,
        7.78800783e-01, 2.86504797e-01, 3.87742078e-02, 1.93045414e-03],
       [7.10174389e-04, 1.42642339e-02, 1.05399225e-01, 2.86504797e-01,
        2.86504797e-01, 1.05399225e-01, 1.42642339e-02, 7.10174389e-04],
       [9.61116521e-05, 1.93045414e-03, 1.42642339e-02, 3.87742078e-02,
        3.87742078e-02, 1.42642339e-02, 1.93045414e-03, 9.61116521e-05],
       [4.78511739e-06, 9.61116521e-05, 7.10174389e-04, 1.93045414e-03,
        1.93045414e-03, 7.10174389e-04, 9.61116521e-05, 4.78511739e-06]])

